{
 "cells": [
  {
   "cell_type": "markdown",
   "id": "26be6df1",
   "metadata": {},
   "source": [
    "# Machine Learning Template\n"
   ]
  },
  {
   "cell_type": "code",
   "execution_count": 133,
   "id": "f3c3e641",
   "metadata": {},
   "outputs": [],
   "source": [
    "import datetime\n",
    "import glob\n",
    "import pandas as pd\n",
    "import numpy as np\n",
    "import matplotlib.pyplot as plt\n",
    "\n",
    "\n",
    "from src.ml_template import utils\n",
    "\n",
    "from scipy.cluster import hierarchy\n",
    "from scipy.spatial.distance import squareform\n",
    "\n",
    "\n",
    "from sklearn.impute import SimpleImputer\n",
    "from sklearn.preprocessing import StandardScaler\n",
    "from sklearn.pipeline import Pipeline\n",
    "from sklearn.model_selection import train_test_split, GridSearchCV, cross_val_score\n",
    "from sklearn.feature_selection import RFECV\n",
    "from sklearn.ensemble import RandomForestClassifier, RandomForestRegressor\n",
    "from sklearn.metrics import accuracy_score, root_mean_squared_error, r2_score\n",
    "from sklearn.inspection import permutation_importance\n",
    "\n",
    "import shap\n",
    "\n",
    "import xgboost as xgb\n",
    "\n",
    "import seaborn as sns\n",
    "\n"
   ]
  },
  {
   "cell_type": "code",
   "execution_count": 262,
   "id": "1052c6b0",
   "metadata": {},
   "outputs": [],
   "source": [
    "features = pd.read_csv(r\"\\\\umweltbundesamt.at\\Projekte\\3000\\3135_IntMon\\Intern\\ARCHneu\\UBA_IM\\Themen_nach_Projektbereichen\\PB2\\2025_26_Auswertung_C_H2O_Duerre\\Ergebnisse\\predictors_daily.txt\", sep=';', parse_dates=True)\n",
    "rproc = pd.read_csv(r\"\\\\umweltbundesamt.at\\Projekte\\3000\\3135_IntMon\\Intern\\ARCHneu\\UBA_IM\\Themen_nach_Projektbereichen\\PB2\\0000_EddyKovarianz\\NEE_Partitioning\\nee-partitioning\\results\\EddyProc\\NEEpart.csv\", parse_dates=True)\n",
    "fsv_partitioned = glob.glob(r\"\\\\umweltbundesamt.at\\Projekte\\3000\\3135_IntMon\\Intern\\ARCHneu\\UBA_IM\\Themen_nach_Projektbereichen\\PB2\\0000_EddyKovarianz\\NEE_Partitioning\\nee-partitioning\\results\\fluxpart\\fvs_partitioned_30min_*.txt\")\n",
    "fvs_partition_df = pd.concat([pd.read_csv(file, sep=';', parse_dates=['datetime']) for file in fsv_partitioned])"
   ]
  },
  {
   "cell_type": "code",
   "execution_count": 203,
   "id": "1a111e5c",
   "metadata": {},
   "outputs": [
    {
     "ename": "AttributeError",
     "evalue": "'DataFrame' object has no attribute 'datetime'",
     "output_type": "error",
     "traceback": [
      "\u001b[31m---------------------------------------------------------------------------\u001b[39m",
      "\u001b[31mAttributeError\u001b[39m                            Traceback (most recent call last)",
      "\u001b[32m~\\AppData\\Local\\Temp\\ipykernel_28832\\1326032081.py\u001b[39m in \u001b[36m?\u001b[39m\u001b[34m()\u001b[39m\n\u001b[32m----> \u001b[39m\u001b[32m1\u001b[39m rproc = rproc[[\u001b[33m\"GPP_DT\"\u001b[39m, \u001b[33m\"Reco_DT\"\u001b[39m]].groupby(pd.to_datetime(rproc.datetime).dt.date).mean()\n",
      "\u001b[32mc:\\Users\\nied\\Documents\\work\\ml_template\\.venv_ml\\Lib\\site-packages\\pandas\\core\\generic.py\u001b[39m in \u001b[36m?\u001b[39m\u001b[34m(self, name)\u001b[39m\n\u001b[32m   6202\u001b[39m             \u001b[38;5;28;01mand\u001b[39;00m name \u001b[38;5;28;01mnot\u001b[39;00m \u001b[38;5;28;01min\u001b[39;00m self._accessors\n\u001b[32m   6203\u001b[39m             \u001b[38;5;28;01mand\u001b[39;00m self._info_axis._can_hold_identifiers_and_holds_name(name)\n\u001b[32m   6204\u001b[39m         ):\n\u001b[32m   6205\u001b[39m             \u001b[38;5;28;01mreturn\u001b[39;00m self[name]\n\u001b[32m-> \u001b[39m\u001b[32m6206\u001b[39m         \u001b[38;5;28;01mreturn\u001b[39;00m object.__getattribute__(self, name)\n",
      "\u001b[31mAttributeError\u001b[39m: 'DataFrame' object has no attribute 'datetime'"
     ]
    }
   ],
   "source": [
    "rproc = rproc[[\"GPP_DT\", \"Reco_DT\"]].groupby(pd.to_datetime(rproc.datetime).dt.date).mean()"
   ]
  },
  {
   "cell_type": "code",
   "execution_count": 204,
   "id": "789f1747",
   "metadata": {},
   "outputs": [],
   "source": [
    "fluxpart = fvs_partition_df[[\"Fq_mmol\", \"Fqt_mmol\", \"Fqe_mmol\", \"Fc_umol\", \"Fcp_umol\", \"Fcr_umol\"]].groupby(fvs_partition_df.datetime.dt.date).mean()\n",
    "targets = rproc.merge(fluxpart, how='outer', left_index=True, right_index=True)"
   ]
  },
  {
   "cell_type": "code",
   "execution_count": 263,
   "id": "90699102",
   "metadata": {},
   "outputs": [],
   "source": [
    "features[\"date\"] = pd.to_datetime(features.day)\n",
    "features.drop(columns='day', inplace=True)\n",
    "features.set_index('date', inplace=True)"
   ]
  },
  {
   "cell_type": "code",
   "execution_count": 264,
   "id": "bf09fe82",
   "metadata": {},
   "outputs": [],
   "source": [
    "targets['NEE'] = targets.Reco_DT - targets.GPP_DT\n",
    "targets['GPP/Trans'] = targets.GPP_DT / targets.Fqt_mmol"
   ]
  },
  {
   "cell_type": "code",
   "execution_count": 265,
   "id": "e4c04697",
   "metadata": {},
   "outputs": [],
   "source": [
    "df = features.merge(targets, how = 'right', left_index=True, right_index=True)"
   ]
  },
  {
   "cell_type": "code",
   "execution_count": 266,
   "id": "b808cd3b",
   "metadata": {},
   "outputs": [],
   "source": [
    "df.replace([np.inf, -np.inf], np.nan, inplace=True)\n",
    "df['WaPo.day'] *= -1"
   ]
  },
  {
   "cell_type": "code",
   "execution_count": 270,
   "id": "9cece591",
   "metadata": {},
   "outputs": [],
   "source": [
    "df = df[df.index.date >= datetime.date(2018, 1, 1)]"
   ]
  },
  {
   "cell_type": "code",
   "execution_count": 269,
   "id": "e607ff34",
   "metadata": {},
   "outputs": [
    {
     "data": {
      "text/html": [
       "<div>\n",
       "<style scoped>\n",
       "    .dataframe tbody tr th:only-of-type {\n",
       "        vertical-align: middle;\n",
       "    }\n",
       "\n",
       "    .dataframe tbody tr th {\n",
       "        vertical-align: top;\n",
       "    }\n",
       "\n",
       "    .dataframe thead th {\n",
       "        text-align: right;\n",
       "    }\n",
       "</style>\n",
       "<table border=\"1\" class=\"dataframe\">\n",
       "  <thead>\n",
       "    <tr style=\"text-align: right;\">\n",
       "      <th></th>\n",
       "      <th>prec.ww</th>\n",
       "      <th>WaPo.day</th>\n",
       "      <th>temp.mt</th>\n",
       "      <th>temp.max.mt</th>\n",
       "      <th>temp.min.mt</th>\n",
       "      <th>vpd.mt</th>\n",
       "      <th>ppfd</th>\n",
       "      <th>gstr.mt.sum</th>\n",
       "      <th>GPP_DT</th>\n",
       "      <th>Reco_DT</th>\n",
       "      <th>Fq_mmol</th>\n",
       "      <th>Fqt_mmol</th>\n",
       "      <th>Fqe_mmol</th>\n",
       "      <th>Fc_umol</th>\n",
       "      <th>Fcp_umol</th>\n",
       "      <th>Fcr_umol</th>\n",
       "      <th>NEE</th>\n",
       "      <th>GPP/Trans</th>\n",
       "    </tr>\n",
       "  </thead>\n",
       "  <tbody>\n",
       "    <tr>\n",
       "      <th>count</th>\n",
       "      <td>4018.000000</td>\n",
       "      <td>3563.000000</td>\n",
       "      <td>3945.000000</td>\n",
       "      <td>3945.000000</td>\n",
       "      <td>3945.000000</td>\n",
       "      <td>3524.000000</td>\n",
       "      <td>4018.000000</td>\n",
       "      <td>4018.000000</td>\n",
       "      <td>4018.000000</td>\n",
       "      <td>4018.000000</td>\n",
       "      <td>2243.000000</td>\n",
       "      <td>2243.000000</td>\n",
       "      <td>2243.000000</td>\n",
       "      <td>2.243000e+03</td>\n",
       "      <td>2243.000000</td>\n",
       "      <td>2.243000e+03</td>\n",
       "      <td>4018.000000</td>\n",
       "      <td>2136.000000</td>\n",
       "    </tr>\n",
       "    <tr>\n",
       "      <th>mean</th>\n",
       "      <td>4.692509</td>\n",
       "      <td>131.262347</td>\n",
       "      <td>9.099846</td>\n",
       "      <td>12.374981</td>\n",
       "      <td>6.227275</td>\n",
       "      <td>0.160408</td>\n",
       "      <td>18.199809</td>\n",
       "      <td>3350.310353</td>\n",
       "      <td>3.085166</td>\n",
       "      <td>1.937323</td>\n",
       "      <td>21.539798</td>\n",
       "      <td>0.477864</td>\n",
       "      <td>21.061934</td>\n",
       "      <td>3.053363e+03</td>\n",
       "      <td>-4.811050</td>\n",
       "      <td>3.058174e+03</td>\n",
       "      <td>-1.147843</td>\n",
       "      <td>15.071366</td>\n",
       "    </tr>\n",
       "    <tr>\n",
       "      <th>std</th>\n",
       "      <td>9.564698</td>\n",
       "      <td>68.680258</td>\n",
       "      <td>7.700352</td>\n",
       "      <td>8.224609</td>\n",
       "      <td>7.209208</td>\n",
       "      <td>0.119019</td>\n",
       "      <td>15.934480</td>\n",
       "      <td>4570.947503</td>\n",
       "      <td>2.823500</td>\n",
       "      <td>1.754158</td>\n",
       "      <td>394.408037</td>\n",
       "      <td>0.578280</td>\n",
       "      <td>394.430340</td>\n",
       "      <td>6.072331e+04</td>\n",
       "      <td>6.175076</td>\n",
       "      <td>6.072310e+04</td>\n",
       "      <td>2.115296</td>\n",
       "      <td>45.986281</td>\n",
       "    </tr>\n",
       "    <tr>\n",
       "      <th>min</th>\n",
       "      <td>0.000000</td>\n",
       "      <td>100.000000</td>\n",
       "      <td>-15.610417</td>\n",
       "      <td>-14.200000</td>\n",
       "      <td>-17.700000</td>\n",
       "      <td>0.000000</td>\n",
       "      <td>0.000000</td>\n",
       "      <td>0.000000</td>\n",
       "      <td>0.002954</td>\n",
       "      <td>0.007996</td>\n",
       "      <td>0.002670</td>\n",
       "      <td>0.000000</td>\n",
       "      <td>0.001408</td>\n",
       "      <td>-2.459293e+01</td>\n",
       "      <td>-123.349326</td>\n",
       "      <td>7.702283e-04</td>\n",
       "      <td>-9.443997</td>\n",
       "      <td>0.012504</td>\n",
       "    </tr>\n",
       "    <tr>\n",
       "      <th>25%</th>\n",
       "      <td>0.000000</td>\n",
       "      <td>100.000000</td>\n",
       "      <td>3.100000</td>\n",
       "      <td>6.300000</td>\n",
       "      <td>0.300000</td>\n",
       "      <td>0.061722</td>\n",
       "      <td>4.759830</td>\n",
       "      <td>0.000000</td>\n",
       "      <td>0.789602</td>\n",
       "      <td>0.677819</td>\n",
       "      <td>0.292834</td>\n",
       "      <td>0.079185</td>\n",
       "      <td>0.145288</td>\n",
       "      <td>-1.523114e+00</td>\n",
       "      <td>-6.394811</td>\n",
       "      <td>1.796627e+00</td>\n",
       "      <td>-2.475143</td>\n",
       "      <td>3.638571</td>\n",
       "    </tr>\n",
       "    <tr>\n",
       "      <th>50%</th>\n",
       "      <td>0.300000</td>\n",
       "      <td>100.000000</td>\n",
       "      <td>9.081250</td>\n",
       "      <td>12.500000</td>\n",
       "      <td>6.200000</td>\n",
       "      <td>0.140346</td>\n",
       "      <td>13.430430</td>\n",
       "      <td>663.500000</td>\n",
       "      <td>1.985049</td>\n",
       "      <td>1.405317</td>\n",
       "      <td>0.629259</td>\n",
       "      <td>0.249597</td>\n",
       "      <td>0.285589</td>\n",
       "      <td>1.015946e-01</td>\n",
       "      <td>-3.151989</td>\n",
       "      <td>3.437074e+00</td>\n",
       "      <td>-0.582989</td>\n",
       "      <td>6.835200</td>\n",
       "    </tr>\n",
       "    <tr>\n",
       "      <th>75%</th>\n",
       "      <td>5.500000</td>\n",
       "      <td>123.703454</td>\n",
       "      <td>14.975000</td>\n",
       "      <td>18.500000</td>\n",
       "      <td>11.900000</td>\n",
       "      <td>0.241175</td>\n",
       "      <td>29.852145</td>\n",
       "      <td>5710.250000</td>\n",
       "      <td>4.931270</td>\n",
       "      <td>2.612597</td>\n",
       "      <td>1.337319</td>\n",
       "      <td>0.679996</td>\n",
       "      <td>0.567024</td>\n",
       "      <td>1.595116e+00</td>\n",
       "      <td>-1.266881</td>\n",
       "      <td>6.405809e+00</td>\n",
       "      <td>0.149058</td>\n",
       "      <td>13.496440</td>\n",
       "    </tr>\n",
       "    <tr>\n",
       "      <th>max</th>\n",
       "      <td>134.300000</td>\n",
       "      <td>500.000000</td>\n",
       "      <td>27.322917</td>\n",
       "      <td>31.800000</td>\n",
       "      <td>24.300000</td>\n",
       "      <td>0.556868</td>\n",
       "      <td>62.434620</td>\n",
       "      <td>16728.000000</td>\n",
       "      <td>14.484559</td>\n",
       "      <td>12.576100</td>\n",
       "      <td>14570.089446</td>\n",
       "      <td>4.722783</td>\n",
       "      <td>14570.079810</td>\n",
       "      <td>2.310873e+06</td>\n",
       "      <td>0.000000</td>\n",
       "      <td>2.310873e+06</td>\n",
       "      <td>9.372949</td>\n",
       "      <td>1455.823566</td>\n",
       "    </tr>\n",
       "  </tbody>\n",
       "</table>\n",
       "</div>"
      ],
      "text/plain": [
       "           prec.ww     WaPo.day      temp.mt  temp.max.mt  temp.min.mt  \\\n",
       "count  4018.000000  3563.000000  3945.000000  3945.000000  3945.000000   \n",
       "mean      4.692509   131.262347     9.099846    12.374981     6.227275   \n",
       "std       9.564698    68.680258     7.700352     8.224609     7.209208   \n",
       "min       0.000000   100.000000   -15.610417   -14.200000   -17.700000   \n",
       "25%       0.000000   100.000000     3.100000     6.300000     0.300000   \n",
       "50%       0.300000   100.000000     9.081250    12.500000     6.200000   \n",
       "75%       5.500000   123.703454    14.975000    18.500000    11.900000   \n",
       "max     134.300000   500.000000    27.322917    31.800000    24.300000   \n",
       "\n",
       "            vpd.mt         ppfd   gstr.mt.sum       GPP_DT      Reco_DT  \\\n",
       "count  3524.000000  4018.000000   4018.000000  4018.000000  4018.000000   \n",
       "mean      0.160408    18.199809   3350.310353     3.085166     1.937323   \n",
       "std       0.119019    15.934480   4570.947503     2.823500     1.754158   \n",
       "min       0.000000     0.000000      0.000000     0.002954     0.007996   \n",
       "25%       0.061722     4.759830      0.000000     0.789602     0.677819   \n",
       "50%       0.140346    13.430430    663.500000     1.985049     1.405317   \n",
       "75%       0.241175    29.852145   5710.250000     4.931270     2.612597   \n",
       "max       0.556868    62.434620  16728.000000    14.484559    12.576100   \n",
       "\n",
       "            Fq_mmol     Fqt_mmol      Fqe_mmol       Fc_umol     Fcp_umol  \\\n",
       "count   2243.000000  2243.000000   2243.000000  2.243000e+03  2243.000000   \n",
       "mean      21.539798     0.477864     21.061934  3.053363e+03    -4.811050   \n",
       "std      394.408037     0.578280    394.430340  6.072331e+04     6.175076   \n",
       "min        0.002670     0.000000      0.001408 -2.459293e+01  -123.349326   \n",
       "25%        0.292834     0.079185      0.145288 -1.523114e+00    -6.394811   \n",
       "50%        0.629259     0.249597      0.285589  1.015946e-01    -3.151989   \n",
       "75%        1.337319     0.679996      0.567024  1.595116e+00    -1.266881   \n",
       "max    14570.089446     4.722783  14570.079810  2.310873e+06     0.000000   \n",
       "\n",
       "           Fcr_umol          NEE    GPP/Trans  \n",
       "count  2.243000e+03  4018.000000  2136.000000  \n",
       "mean   3.058174e+03    -1.147843    15.071366  \n",
       "std    6.072310e+04     2.115296    45.986281  \n",
       "min    7.702283e-04    -9.443997     0.012504  \n",
       "25%    1.796627e+00    -2.475143     3.638571  \n",
       "50%    3.437074e+00    -0.582989     6.835200  \n",
       "75%    6.405809e+00     0.149058    13.496440  \n",
       "max    2.310873e+06     9.372949  1455.823566  "
      ]
     },
     "execution_count": 269,
     "metadata": {},
     "output_type": "execute_result"
    }
   ],
   "source": [
    "df.describe()"
   ]
  },
  {
   "cell_type": "code",
   "execution_count": null,
   "id": "f1c9a3c0",
   "metadata": {},
   "outputs": [],
   "source": [
    "# df.to_csv(r\"P:\\3000\\3135_IntMon\\Intern\\ARCHneu\\UBA_IM\\Themen_nach_Projektbereichen\\PB2\\2025_26_Auswertung_C_H2O_Duerre\\Ergebnisse\\ml_df.txt\", index=True, index_label='datetime', sep=';')"
   ]
  },
  {
   "cell_type": "code",
   "execution_count": 232,
   "id": "3863e170",
   "metadata": {},
   "outputs": [
    {
     "data": {
      "text/html": [
       "<div>\n",
       "<style scoped>\n",
       "    .dataframe tbody tr th:only-of-type {\n",
       "        vertical-align: middle;\n",
       "    }\n",
       "\n",
       "    .dataframe tbody tr th {\n",
       "        vertical-align: top;\n",
       "    }\n",
       "\n",
       "    .dataframe thead th {\n",
       "        text-align: right;\n",
       "    }\n",
       "</style>\n",
       "<table border=\"1\" class=\"dataframe\">\n",
       "  <thead>\n",
       "    <tr style=\"text-align: right;\">\n",
       "      <th></th>\n",
       "      <th>WaPo.day</th>\n",
       "      <th>temp.mt</th>\n",
       "      <th>temp.max.mt</th>\n",
       "      <th>temp.min.mt</th>\n",
       "      <th>vpd.mt</th>\n",
       "      <th>ppfd</th>\n",
       "      <th>GPP_DT</th>\n",
       "      <th>Reco_DT</th>\n",
       "      <th>Fq_mmol</th>\n",
       "      <th>Fqt_mmol</th>\n",
       "      <th>Fqe_mmol</th>\n",
       "      <th>Fc_umol</th>\n",
       "      <th>Fcp_umol</th>\n",
       "      <th>Fcr_umol</th>\n",
       "      <th>NEE</th>\n",
       "      <th>GPP/Trans</th>\n",
       "    </tr>\n",
       "  </thead>\n",
       "  <tbody>\n",
       "    <tr>\n",
       "      <th>WaPo.day</th>\n",
       "      <td>1.000000</td>\n",
       "      <td>0.347681</td>\n",
       "      <td>0.336658</td>\n",
       "      <td>0.349170</td>\n",
       "      <td>0.056124</td>\n",
       "      <td>0.232373</td>\n",
       "      <td>0.259764</td>\n",
       "      <td>0.233048</td>\n",
       "      <td>-0.018695</td>\n",
       "      <td>0.253678</td>\n",
       "      <td>-0.018995</td>\n",
       "      <td>-0.019822</td>\n",
       "      <td>-0.159941</td>\n",
       "      <td>-0.019810</td>\n",
       "      <td>-0.172802</td>\n",
       "      <td>-0.007910</td>\n",
       "    </tr>\n",
       "    <tr>\n",
       "      <th>temp.mt</th>\n",
       "      <td>0.347681</td>\n",
       "      <td>1.000000</td>\n",
       "      <td>0.985183</td>\n",
       "      <td>0.982767</td>\n",
       "      <td>0.395116</td>\n",
       "      <td>0.639387</td>\n",
       "      <td>0.655849</td>\n",
       "      <td>0.559618</td>\n",
       "      <td>-0.083105</td>\n",
       "      <td>0.631247</td>\n",
       "      <td>-0.083864</td>\n",
       "      <td>-0.088455</td>\n",
       "      <td>-0.250527</td>\n",
       "      <td>-0.088435</td>\n",
       "      <td>-0.472384</td>\n",
       "      <td>-0.012820</td>\n",
       "    </tr>\n",
       "    <tr>\n",
       "      <th>temp.max.mt</th>\n",
       "      <td>0.336658</td>\n",
       "      <td>0.985183</td>\n",
       "      <td>1.000000</td>\n",
       "      <td>0.948584</td>\n",
       "      <td>0.424813</td>\n",
       "      <td>0.655679</td>\n",
       "      <td>0.654392</td>\n",
       "      <td>0.556667</td>\n",
       "      <td>-0.087723</td>\n",
       "      <td>0.626912</td>\n",
       "      <td>-0.088476</td>\n",
       "      <td>-0.091875</td>\n",
       "      <td>-0.253772</td>\n",
       "      <td>-0.091855</td>\n",
       "      <td>-0.472971</td>\n",
       "      <td>-0.031189</td>\n",
       "    </tr>\n",
       "    <tr>\n",
       "      <th>temp.min.mt</th>\n",
       "      <td>0.349170</td>\n",
       "      <td>0.982767</td>\n",
       "      <td>0.948584</td>\n",
       "      <td>1.000000</td>\n",
       "      <td>0.331315</td>\n",
       "      <td>0.599459</td>\n",
       "      <td>0.639516</td>\n",
       "      <td>0.545607</td>\n",
       "      <td>-0.077138</td>\n",
       "      <td>0.612001</td>\n",
       "      <td>-0.077874</td>\n",
       "      <td>-0.082668</td>\n",
       "      <td>-0.250534</td>\n",
       "      <td>-0.082648</td>\n",
       "      <td>-0.460692</td>\n",
       "      <td>0.008333</td>\n",
       "    </tr>\n",
       "    <tr>\n",
       "      <th>vpd.mt</th>\n",
       "      <td>0.056124</td>\n",
       "      <td>0.395116</td>\n",
       "      <td>0.424813</td>\n",
       "      <td>0.331315</td>\n",
       "      <td>1.000000</td>\n",
       "      <td>0.447847</td>\n",
       "      <td>0.141822</td>\n",
       "      <td>0.123822</td>\n",
       "      <td>-0.066468</td>\n",
       "      <td>0.235731</td>\n",
       "      <td>-0.066748</td>\n",
       "      <td>-0.069431</td>\n",
       "      <td>0.074211</td>\n",
       "      <td>-0.069438</td>\n",
       "      <td>-0.099089</td>\n",
       "      <td>-0.120291</td>\n",
       "    </tr>\n",
       "    <tr>\n",
       "      <th>ppfd</th>\n",
       "      <td>0.232373</td>\n",
       "      <td>0.639387</td>\n",
       "      <td>0.655679</td>\n",
       "      <td>0.599459</td>\n",
       "      <td>0.447847</td>\n",
       "      <td>1.000000</td>\n",
       "      <td>0.620681</td>\n",
       "      <td>0.418309</td>\n",
       "      <td>-0.054798</td>\n",
       "      <td>0.475661</td>\n",
       "      <td>-0.055372</td>\n",
       "      <td>-0.057741</td>\n",
       "      <td>-0.179049</td>\n",
       "      <td>-0.057727</td>\n",
       "      <td>-0.550358</td>\n",
       "      <td>0.008309</td>\n",
       "    </tr>\n",
       "    <tr>\n",
       "      <th>GPP_DT</th>\n",
       "      <td>0.259764</td>\n",
       "      <td>0.655849</td>\n",
       "      <td>0.654392</td>\n",
       "      <td>0.639516</td>\n",
       "      <td>0.141822</td>\n",
       "      <td>0.620681</td>\n",
       "      <td>1.000000</td>\n",
       "      <td>0.775176</td>\n",
       "      <td>-0.051862</td>\n",
       "      <td>0.654962</td>\n",
       "      <td>-0.052654</td>\n",
       "      <td>-0.055021</td>\n",
       "      <td>-0.326962</td>\n",
       "      <td>-0.054995</td>\n",
       "      <td>-0.788062</td>\n",
       "      <td>0.081628</td>\n",
       "    </tr>\n",
       "    <tr>\n",
       "      <th>Reco_DT</th>\n",
       "      <td>0.233048</td>\n",
       "      <td>0.559618</td>\n",
       "      <td>0.556667</td>\n",
       "      <td>0.545607</td>\n",
       "      <td>0.123822</td>\n",
       "      <td>0.418309</td>\n",
       "      <td>0.775176</td>\n",
       "      <td>1.000000</td>\n",
       "      <td>-0.028555</td>\n",
       "      <td>0.509456</td>\n",
       "      <td>-0.029172</td>\n",
       "      <td>-0.031783</td>\n",
       "      <td>-0.196007</td>\n",
       "      <td>-0.031767</td>\n",
       "      <td>-0.221988</td>\n",
       "      <td>0.052862</td>\n",
       "    </tr>\n",
       "    <tr>\n",
       "      <th>Fq_mmol</th>\n",
       "      <td>-0.018695</td>\n",
       "      <td>-0.083105</td>\n",
       "      <td>-0.087723</td>\n",
       "      <td>-0.077138</td>\n",
       "      <td>-0.066468</td>\n",
       "      <td>-0.054798</td>\n",
       "      <td>-0.051862</td>\n",
       "      <td>-0.028555</td>\n",
       "      <td>1.000000</td>\n",
       "      <td>-0.044597</td>\n",
       "      <td>0.999999</td>\n",
       "      <td>0.989568</td>\n",
       "      <td>0.037954</td>\n",
       "      <td>0.989568</td>\n",
       "      <td>0.054234</td>\n",
       "      <td>0.015282</td>\n",
       "    </tr>\n",
       "    <tr>\n",
       "      <th>Fqt_mmol</th>\n",
       "      <td>0.253678</td>\n",
       "      <td>0.631247</td>\n",
       "      <td>0.626912</td>\n",
       "      <td>0.612001</td>\n",
       "      <td>0.235731</td>\n",
       "      <td>0.475661</td>\n",
       "      <td>0.654962</td>\n",
       "      <td>0.509456</td>\n",
       "      <td>-0.044597</td>\n",
       "      <td>1.000000</td>\n",
       "      <td>-0.045808</td>\n",
       "      <td>-0.048485</td>\n",
       "      <td>-0.614049</td>\n",
       "      <td>-0.048436</td>\n",
       "      <td>-0.534800</td>\n",
       "      <td>-0.225947</td>\n",
       "    </tr>\n",
       "    <tr>\n",
       "      <th>Fqe_mmol</th>\n",
       "      <td>-0.018995</td>\n",
       "      <td>-0.083864</td>\n",
       "      <td>-0.088476</td>\n",
       "      <td>-0.077874</td>\n",
       "      <td>-0.066748</td>\n",
       "      <td>-0.055372</td>\n",
       "      <td>-0.052654</td>\n",
       "      <td>-0.029172</td>\n",
       "      <td>0.999999</td>\n",
       "      <td>-0.045808</td>\n",
       "      <td>1.000000</td>\n",
       "      <td>0.989572</td>\n",
       "      <td>0.038697</td>\n",
       "      <td>0.989572</td>\n",
       "      <td>0.054880</td>\n",
       "      <td>0.015552</td>\n",
       "    </tr>\n",
       "    <tr>\n",
       "      <th>Fc_umol</th>\n",
       "      <td>-0.019822</td>\n",
       "      <td>-0.088455</td>\n",
       "      <td>-0.091875</td>\n",
       "      <td>-0.082668</td>\n",
       "      <td>-0.069431</td>\n",
       "      <td>-0.057741</td>\n",
       "      <td>-0.055021</td>\n",
       "      <td>-0.031783</td>\n",
       "      <td>0.989568</td>\n",
       "      <td>-0.048485</td>\n",
       "      <td>0.989572</td>\n",
       "      <td>1.000000</td>\n",
       "      <td>0.041362</td>\n",
       "      <td>1.000000</td>\n",
       "      <td>0.056036</td>\n",
       "      <td>0.021939</td>\n",
       "    </tr>\n",
       "    <tr>\n",
       "      <th>Fcp_umol</th>\n",
       "      <td>-0.159941</td>\n",
       "      <td>-0.250527</td>\n",
       "      <td>-0.253772</td>\n",
       "      <td>-0.250534</td>\n",
       "      <td>0.074211</td>\n",
       "      <td>-0.179049</td>\n",
       "      <td>-0.326962</td>\n",
       "      <td>-0.196007</td>\n",
       "      <td>0.037954</td>\n",
       "      <td>-0.614049</td>\n",
       "      <td>0.038697</td>\n",
       "      <td>0.041362</td>\n",
       "      <td>1.000000</td>\n",
       "      <td>0.041283</td>\n",
       "      <td>0.325793</td>\n",
       "      <td>0.212515</td>\n",
       "    </tr>\n",
       "    <tr>\n",
       "      <th>Fcr_umol</th>\n",
       "      <td>-0.019810</td>\n",
       "      <td>-0.088435</td>\n",
       "      <td>-0.091855</td>\n",
       "      <td>-0.082648</td>\n",
       "      <td>-0.069438</td>\n",
       "      <td>-0.057727</td>\n",
       "      <td>-0.054995</td>\n",
       "      <td>-0.031767</td>\n",
       "      <td>0.989568</td>\n",
       "      <td>-0.048436</td>\n",
       "      <td>0.989572</td>\n",
       "      <td>1.000000</td>\n",
       "      <td>0.041283</td>\n",
       "      <td>1.000000</td>\n",
       "      <td>0.056011</td>\n",
       "      <td>0.021922</td>\n",
       "    </tr>\n",
       "    <tr>\n",
       "      <th>NEE</th>\n",
       "      <td>-0.172802</td>\n",
       "      <td>-0.472384</td>\n",
       "      <td>-0.472971</td>\n",
       "      <td>-0.460692</td>\n",
       "      <td>-0.099089</td>\n",
       "      <td>-0.550358</td>\n",
       "      <td>-0.788062</td>\n",
       "      <td>-0.221988</td>\n",
       "      <td>0.054234</td>\n",
       "      <td>-0.534800</td>\n",
       "      <td>0.054880</td>\n",
       "      <td>0.056036</td>\n",
       "      <td>0.325793</td>\n",
       "      <td>0.056011</td>\n",
       "      <td>1.000000</td>\n",
       "      <td>-0.077059</td>\n",
       "    </tr>\n",
       "    <tr>\n",
       "      <th>GPP/Trans</th>\n",
       "      <td>-0.007910</td>\n",
       "      <td>-0.012820</td>\n",
       "      <td>-0.031189</td>\n",
       "      <td>0.008333</td>\n",
       "      <td>-0.120291</td>\n",
       "      <td>0.008309</td>\n",
       "      <td>0.081628</td>\n",
       "      <td>0.052862</td>\n",
       "      <td>0.015282</td>\n",
       "      <td>-0.225947</td>\n",
       "      <td>0.015552</td>\n",
       "      <td>0.021939</td>\n",
       "      <td>0.212515</td>\n",
       "      <td>0.021922</td>\n",
       "      <td>-0.077059</td>\n",
       "      <td>1.000000</td>\n",
       "    </tr>\n",
       "  </tbody>\n",
       "</table>\n",
       "</div>"
      ],
      "text/plain": [
       "             WaPo.day   temp.mt  temp.max.mt  temp.min.mt    vpd.mt      ppfd  \\\n",
       "WaPo.day     1.000000  0.347681     0.336658     0.349170  0.056124  0.232373   \n",
       "temp.mt      0.347681  1.000000     0.985183     0.982767  0.395116  0.639387   \n",
       "temp.max.mt  0.336658  0.985183     1.000000     0.948584  0.424813  0.655679   \n",
       "temp.min.mt  0.349170  0.982767     0.948584     1.000000  0.331315  0.599459   \n",
       "vpd.mt       0.056124  0.395116     0.424813     0.331315  1.000000  0.447847   \n",
       "ppfd         0.232373  0.639387     0.655679     0.599459  0.447847  1.000000   \n",
       "GPP_DT       0.259764  0.655849     0.654392     0.639516  0.141822  0.620681   \n",
       "Reco_DT      0.233048  0.559618     0.556667     0.545607  0.123822  0.418309   \n",
       "Fq_mmol     -0.018695 -0.083105    -0.087723    -0.077138 -0.066468 -0.054798   \n",
       "Fqt_mmol     0.253678  0.631247     0.626912     0.612001  0.235731  0.475661   \n",
       "Fqe_mmol    -0.018995 -0.083864    -0.088476    -0.077874 -0.066748 -0.055372   \n",
       "Fc_umol     -0.019822 -0.088455    -0.091875    -0.082668 -0.069431 -0.057741   \n",
       "Fcp_umol    -0.159941 -0.250527    -0.253772    -0.250534  0.074211 -0.179049   \n",
       "Fcr_umol    -0.019810 -0.088435    -0.091855    -0.082648 -0.069438 -0.057727   \n",
       "NEE         -0.172802 -0.472384    -0.472971    -0.460692 -0.099089 -0.550358   \n",
       "GPP/Trans   -0.007910 -0.012820    -0.031189     0.008333 -0.120291  0.008309   \n",
       "\n",
       "               GPP_DT   Reco_DT   Fq_mmol  Fqt_mmol  Fqe_mmol   Fc_umol  \\\n",
       "WaPo.day     0.259764  0.233048 -0.018695  0.253678 -0.018995 -0.019822   \n",
       "temp.mt      0.655849  0.559618 -0.083105  0.631247 -0.083864 -0.088455   \n",
       "temp.max.mt  0.654392  0.556667 -0.087723  0.626912 -0.088476 -0.091875   \n",
       "temp.min.mt  0.639516  0.545607 -0.077138  0.612001 -0.077874 -0.082668   \n",
       "vpd.mt       0.141822  0.123822 -0.066468  0.235731 -0.066748 -0.069431   \n",
       "ppfd         0.620681  0.418309 -0.054798  0.475661 -0.055372 -0.057741   \n",
       "GPP_DT       1.000000  0.775176 -0.051862  0.654962 -0.052654 -0.055021   \n",
       "Reco_DT      0.775176  1.000000 -0.028555  0.509456 -0.029172 -0.031783   \n",
       "Fq_mmol     -0.051862 -0.028555  1.000000 -0.044597  0.999999  0.989568   \n",
       "Fqt_mmol     0.654962  0.509456 -0.044597  1.000000 -0.045808 -0.048485   \n",
       "Fqe_mmol    -0.052654 -0.029172  0.999999 -0.045808  1.000000  0.989572   \n",
       "Fc_umol     -0.055021 -0.031783  0.989568 -0.048485  0.989572  1.000000   \n",
       "Fcp_umol    -0.326962 -0.196007  0.037954 -0.614049  0.038697  0.041362   \n",
       "Fcr_umol    -0.054995 -0.031767  0.989568 -0.048436  0.989572  1.000000   \n",
       "NEE         -0.788062 -0.221988  0.054234 -0.534800  0.054880  0.056036   \n",
       "GPP/Trans    0.081628  0.052862  0.015282 -0.225947  0.015552  0.021939   \n",
       "\n",
       "             Fcp_umol  Fcr_umol       NEE  GPP/Trans  \n",
       "WaPo.day    -0.159941 -0.019810 -0.172802  -0.007910  \n",
       "temp.mt     -0.250527 -0.088435 -0.472384  -0.012820  \n",
       "temp.max.mt -0.253772 -0.091855 -0.472971  -0.031189  \n",
       "temp.min.mt -0.250534 -0.082648 -0.460692   0.008333  \n",
       "vpd.mt       0.074211 -0.069438 -0.099089  -0.120291  \n",
       "ppfd        -0.179049 -0.057727 -0.550358   0.008309  \n",
       "GPP_DT      -0.326962 -0.054995 -0.788062   0.081628  \n",
       "Reco_DT     -0.196007 -0.031767 -0.221988   0.052862  \n",
       "Fq_mmol      0.037954  0.989568  0.054234   0.015282  \n",
       "Fqt_mmol    -0.614049 -0.048436 -0.534800  -0.225947  \n",
       "Fqe_mmol     0.038697  0.989572  0.054880   0.015552  \n",
       "Fc_umol      0.041362  1.000000  0.056036   0.021939  \n",
       "Fcp_umol     1.000000  0.041283  0.325793   0.212515  \n",
       "Fcr_umol     0.041283  1.000000  0.056011   0.021922  \n",
       "NEE          0.325793  0.056011  1.000000  -0.077059  \n",
       "GPP/Trans    0.212515  0.021922 -0.077059   1.000000  "
      ]
     },
     "execution_count": 232,
     "metadata": {},
     "output_type": "execute_result"
    }
   ],
   "source": [
    "df.corr()"
   ]
  },
  {
   "cell_type": "code",
   "execution_count": 233,
   "id": "62f5a23d",
   "metadata": {},
   "outputs": [
    {
     "data": {
